10001100000100010000000000000000
10001100000100100000000000000100
00000000000100011001100011000000
00000000000100100010000000100101
00000000000100110010100000100101
00001100000000000000110000001011
00001100000000000000110000011101
00000000000100010100000001000000
00000000000100010100100011000000
00000001000010010001000000100000
00000000000000000000000000001100
00010100100000000000000000000011
00000000000100010001000000100101
10101100101000100000000000000000
00000011111000000000000000001000
00000000000100010100000011000000
00000011101010001110100000100010
10101111101111110000000000000000
10101111101001000000000000000100
00000000100100010010000000100010
00001100000000000000110000001011
10001111101111110000000000000000
10001111101001000000000000000100
00000011101010001110100000100000
01110000010001000001000000000010
00000000000001000100100010000000
00000000101010010101000000100000
10101101010000100000000000000000
00000011111000000000000000001000
00000000000100011010000010000000
00000000000100111010100000100000
00000000000001001000000000100000
00000000000100010100000100000000
00000000000100010100100101000000
00000000000100010101000001000000
00000001000010010101100000100000
00000001011010100110000000100000
00000001100010100010000000100000
00000000000100010001000010000000
00000000000000000000000000001100
00000000000010110010000000100000
00000000000000000000000000001100
00010010000000000000000000001001
10001110101001000000000000000000
00000010101101001010100000100000
00000000000100010001000000100000
00000000000000000000000000001100
00000000000100010001000010000000
00000000000010110010000000100000
00000000000000000000000000001100
00000010000100011000000000100010
00001000000000000000110000101010
10001110101001000000000000000000
00000000000100010001000000100000
00000000000000000000000000001100
00000000000100010001000010000000
00000000000010110010000000100000
00000000000000000000000000001100
00000011111000000000000000001000